      1      0.0000          0.0000000000
      2      0.0060          0.0205975170
      3      0.0120          0.0785278733
      4      0.0180          0.1653893499
      5      0.0240          0.2737146435
      6      0.0301          0.3988851680
      7      0.0361          0.5374926804
      8      0.0421          0.6856744649
      9      0.0481          0.8391411566
     10      0.0541          0.9940688441
     11      0.0601          1.1476715270
     12      0.0661          1.2981730422
     13      0.0721          1.4444799479
     14      0.0782          1.5858479263
     15      0.0842          1.7216537985
     16      0.0902          1.8512790241
     17      0.0962          1.9740792497
     18      0.1022          2.0894098471
     19      0.1082          2.1966789290
     20      0.1142          2.2954040294
     21      0.1202          2.3852558955
     22      0.1263          2.4660810032
     23      0.1323          2.5379016282
     24      0.1383          2.6008973418
     25      0.1443          2.6553743385
     26      0.1503          2.7017293707
     27      0.1563          2.7404140103
     28      0.1623          2.7719032130
     29      0.1683          2.7966703652
     30      0.1743          2.8151694816
     31      0.1804          2.8278241703
     32      0.1864          2.8350223627
     33      0.1924          2.8371155410
     34      0.1984          2.8344211761
     35      0.2044          2.8272272064
     36      0.2104          2.8157975778
     37      0.2164          2.8003780743
     38      0.2224          2.7812018656
     39      0.2285          2.7584943821
     40      0.2345          2.7324772774
     41      0.2405          2.7033713644
     42      0.2465          2.6713985144
     43      0.2525          2.6367825780
     44      0.2585          2.5997494459
     45      0.2645          2.5605263962
     46      0.2705          2.5193408951
     47      0.2766          2.4764190169
     48      0.2826          2.4319836451
     49      0.2886          2.3862525959
     50      0.2946          2.3394367854
     51      0.3006          2.2917385390
     52      0.3066          2.2433501125
     53      0.3126          2.1944524754
     54      0.3186          2.1452143804
     55      0.3246          2.0957917279
     56      0.3307          2.0463272173
     57      0.3367          1.9969502659
     58      0.3427          1.9477771673
     59      0.3487          1.8989114561
     60      0.3547          1.8504444445
     61      0.3607          1.8024558927
     62      0.3667          1.7550147793
     63      0.3727          1.7081801396
     64      0.3788          1.6620019414
     65      0.3848          1.6165219733
     66      0.3908          1.5717747242
     67      0.3968          1.5277882351
     68      0.4028          1.4845849117
     69      0.4088          1.4421822837
     70      0.4148          1.4005937074
     71      0.4208          1.3598290032
     72      0.4269          1.3198950289
     73      0.4329          1.2807961862
     74      0.4389          1.2425348625
     75      0.4449          1.2051118111
     76      0.4509          1.1685264717
     77      0.4569          1.1327772370
     78      0.4629          1.0978616695
     79      0.4689          1.0637766727
     80      0.4749          1.0305186231
     81      0.4810          0.9980834674
     82      0.4870          0.9664667894
     83      0.4930          0.9356638524
     84      0.4990          0.9056696210
     85      0.5050          0.8764787662
     86      0.5110          0.8480856581
     87      0.5170          0.8204843499
     88      0.5230          0.7936685550
     89      0.5291          0.7676316213
     90      0.5351          0.7423665039
     91      0.5411          0.7178657390
     92      0.5471          0.6941214197
     93      0.5531          0.6711251751
     94      0.5591          0.6488681548
     95      0.5651          0.6273410169
     96      0.5711          0.6065339233
     97      0.5772          0.5864365388
     98      0.5832          0.5670380372
     99      0.5892          0.5483271122
    100      0.5952          0.5302919940
    101      0.6012          0.5129204702
    102      0.6072          0.4961999112
    103      0.6132          0.4801172997
    104      0.6192          0.4646592633
    105      0.6253          0.4498121099
    106      0.6313          0.4355618647
    107      0.6373          0.4218943099
    108      0.6433          0.4087950241
    109      0.6493          0.3962494234
    110      0.6553          0.3842428016
    111      0.6613          0.3727603704
    112      0.6673          0.3617872991
    113      0.6733          0.3513087523
    114      0.6794          0.3413099271
    115      0.6854          0.3317760879
    116      0.6914          0.3226925998
    117      0.6974          0.3140449592
    118      0.7034          0.3058188231
    119      0.7094          0.2980000354
    120      0.7154          0.2905746514
    121      0.7214          0.2835289592
    122      0.7275          0.2768494995
    123      0.7335          0.2705230826
    124      0.7395          0.2645368036
    125      0.7455          0.2588780547
    126      0.7515          0.2535345358
    127      0.7575          0.2484942633
    128      0.7635          0.2437455768
    129      0.7695          0.2392771433
    130      0.7756          0.2350779611
    131      0.7816          0.2311373613
    132      0.7876          0.2274450075
    133      0.7936          0.2239908953
    134      0.7996          0.2207653495
    135      0.8056          0.2177590209
    136      0.8116          0.2149628824
    137      0.8176          0.2123682231
    138      0.8236          0.2099666428
    139      0.8297          0.2077500456
    140      0.8357          0.2057106324
    141      0.8417          0.2038408940
    142      0.8477          0.2021336025
    143      0.8537          0.2005818036
    144      0.8597          0.1991788080
    145      0.8657          0.1979181830
    146      0.8717          0.1967937435
    147      0.8778          0.1957995439
    148      0.8838          0.1949298685
    149      0.8898          0.1941792239
    150      0.8958          0.1935423295
    151      0.9018          0.1930141098
    152      0.9078          0.1925896854
    153      0.9138          0.1922643657
    154      0.9198          0.1920336402
    155      0.9259          0.1918931712
    156      0.9319          0.1918387865
    157      0.9379          0.1918664715
    158      0.9439          0.1919723632
    159      0.9499          0.1921527425
    160      0.9559          0.1924040286
    161      0.9619          0.1927227720
    162      0.9679          0.1931056494
    163      0.9739          0.1935494575
    164      0.9800          0.1940511079
    165      0.9860          0.1946076217
    166      0.9920          0.1952161250
    167      0.9980          0.1958738440
    168      1.0040          0.1965781010
    169      1.0100          0.1973263098
    170      1.0160          0.1981159720
    171      1.0220          0.1989446737
    172      1.0281          0.1998100815
    173      1.0341          0.2007099394
    174      1.0401          0.2016420661
    175      1.0461          0.2026043515
    176      1.0521          0.2035947547
    177      1.0581          0.2046113007
    178      1.0641          0.2056520789
    179      1.0701          0.2067152401
    180      1.0762          0.2077989949
    181      1.0822          0.2089016115
    182      1.0882          0.2100214140
    183      1.0942          0.2111567805
    184      1.1002          0.2123061417
    185      1.1062          0.2134679793
    186      1.1122          0.2146408246
    187      1.1182          0.2158232569
    188      1.1242          0.2170139025
    189      1.1303          0.2182114335
    190      1.1363          0.2194145665
    191      1.1423          0.2206220615
    192      1.1483          0.2218327210
    193      1.1543          0.2230453890
    194      1.1603          0.2242589498
    195      1.1663          0.2254723275
    196      1.1723          0.2266844847
    197      1.1784          0.2278944218
    198      1.1844          0.2291011764
    199      1.1904          0.2303038222
    200      1.1964          0.2315014682
    201      1.2024          0.2326932582
    202      1.2084          0.2338783698
    203      1.2144          0.2350560137
    204      1.2204          0.2362254331
    205      1.2265          0.2373859030
    206      1.2325          0.2385367290
    207      1.2385          0.2396772475
    208      1.2445          0.2408068241
    209      1.2505          0.2419248535
    210      1.2565          0.2430307584
    211      1.2625          0.2441239893
    212      1.2685          0.2452040234
    213      1.2745          0.2462703640
    214      1.2806          0.2473225402
    215      1.2866          0.2483601057
    216      1.2926          0.2493826385
    217      1.2986          0.2503897401
    218      1.3046          0.2513810350
    219      1.3106          0.2523561698
    220      1.3166          0.2533148129
    221      1.3226          0.2542566535
    222      1.3287          0.2551814012
    223      1.3347          0.2560887855
    224      1.3407          0.2569785547
    225      1.3467          0.2578504760
    226      1.3527          0.2587043342
    227      1.3587          0.2595399315
    228      1.3647          0.2603570869
    229      1.3707          0.2611556356
    230      1.3768          0.2619354283
    231      1.3828          0.2626963307
    232      1.3888          0.2634382231
    233      1.3948          0.2641609998
    234      1.4008          0.2648645683
    235      1.4068          0.2655488494
    236      1.4128          0.2662137758
    237      1.4188          0.2668592926
    238      1.4248          0.2674853561
    239      1.4309          0.2680919336
    240      1.4369          0.2686790028
    241      1.4429          0.2692465517
    242      1.4489          0.2697945776
    243      1.4549          0.2703230873
    244      1.4609          0.2708320962
    245      1.4669          0.2713216282
    246      1.4729          0.2717917150
    247      1.4790          0.2722423961
    248      1.4850          0.2726737182
    249      1.4910          0.2730857348
    250      1.4970          0.2734785062
    251      1.5030          0.2738520985
    252      1.5090          0.2742065842
    253      1.5150          0.2745420410
    254      1.5210          0.2748585521
    255      1.5271          0.2751562056
    256      1.5331          0.2754350946
    257      1.5391          0.2756953162
    258      1.5451          0.2759369723
    259      1.5511          0.2761601682
    260      1.5571          0.2763650134
    261      1.5631          0.2765516205
    262      1.5691          0.2767201059
    263      1.5752          0.2768705886
    264      1.5812          0.2770031909
    265      1.5872          0.2771180374
    266      1.5932          0.2772152557
    267      1.5992          0.2772949753
    268      1.6052          0.2773573283
    269      1.6112          0.2774024485
    270      1.6172          0.2774304717
    271      1.6232          0.2774415356
    272      1.6293          0.2774357794
    273      1.6353          0.2774133437
    274      1.6413          0.2773743706
    275      1.6473          0.2773190034
    276      1.6533          0.2772473865
    277      1.6593          0.2771596654
    278      1.6653          0.2770559865
    279      1.6713          0.2769364970
    280      1.6774          0.2768013451
    281      1.6834          0.2766506794
    282      1.6894          0.2764846492
    283      1.6954          0.2763034044
    284      1.7014          0.2761070951
    285      1.7074          0.2758958722
    286      1.7134          0.2756698866
    287      1.7194          0.2754292896
    288      1.7255          0.2751742327
    289      1.7315          0.2749048676
    290      1.7375          0.2746213461
    291      1.7435          0.2743238199
    292      1.7495          0.2740124411
    293      1.7555          0.2736873615
    294      1.7615          0.2733487330
    295      1.7675          0.2729967072
    296      1.7735          0.2726314359
    297      1.7796          0.2722530706
    298      1.7856          0.2718617627
    299      1.7916          0.2714576631
    300      1.7976          0.2710409230
    301      1.8036          0.2706116929
    302      1.8096          0.2701701233
    303      1.8156          0.2697163642
    304      1.8216          0.2692505656
    305      1.8277          0.2687728768
    306      1.8337          0.2682834470
    307      1.8397          0.2677824251
    308      1.8457          0.2672699594
    309      1.8517          0.2667461979
    310      1.8577          0.2662112883
    311      1.8637          0.2656653779
    312      1.8697          0.2651086133
    313      1.8758          0.2645411410
    314      1.8818          0.2639631069
    315      1.8878          0.2633746565
    316      1.8938          0.2627759348
    317      1.8998          0.2621670862
    318      1.9058          0.2615482549
    319      1.9118          0.2609195844
    320      1.9178          0.2602812178
    321      1.9238          0.2596332976
    322      1.9299          0.2589759660
    323      1.9359          0.2583093644
    324      1.9419          0.2576336339
    325      1.9479          0.2569489150
    326      1.9539          0.2562553475
    327      1.9599          0.2555530710
    328      1.9659          0.2548422242
    329      1.9719          0.2541229455
    330      1.9780          0.2533953726
    331      1.9840          0.2526596427
    332      1.9900          0.2519158925
    333      1.9960          0.2511642578
    334      2.0020          0.2504048742
    335      2.0080          0.2496378765
    336      2.0140          0.2488633990
    337      2.0200          0.2480815753
    338      2.0261          0.2472925384
    339      2.0321          0.2464964209
    340      2.0381          0.2456933545
    341      2.0441          0.2448834704
    342      2.0501          0.2440668992
    343      2.0561          0.2432437708
    344      2.0621          0.2424142144
    345      2.0681          0.2415783589
    346      2.0741          0.2407363320
    347      2.0802          0.2398882612
    348      2.0862          0.2390342731
    349      2.0922          0.2381744937
    350      2.0982          0.2373090483
    351      2.1042          0.2364380616
    352      2.1102          0.2355616575
    353      2.1162          0.2346799593
    354      2.1222          0.2337930894
    355      2.1283          0.2329011699
    356      2.1343          0.2320043218
    357      2.1403          0.2311026655
    358      2.1463          0.2301963208
    359      2.1523          0.2292854065
    360      2.1583          0.2283700411
    361      2.1643          0.2274503419
    362      2.1703          0.2265264256
    363      2.1764          0.2255984084
    364      2.1824          0.2246664055
    365      2.1884          0.2237305313
    366      2.1944          0.2227908996
    367      2.2004          0.2218476232
    368      2.2064          0.2209008145
    369      2.2124          0.2199505847
    370      2.2184          0.2189970444
    371      2.2244          0.2180403035
    372      2.2305          0.2170804710
    373      2.2365          0.2161176550
    374      2.2425          0.2151519629
    375      2.2485          0.2141835014
    376      2.2545          0.2132123761
    377      2.2605          0.2122386920
    378      2.2665          0.2112625532
    379      2.2725          0.2102840630
    380      2.2786          0.2093033238
    381      2.2846          0.2083204372
    382      2.2906          0.2073355040
    383      2.2966          0.2063486240
    384      2.3026          0.2053598964
    385      2.3086          0.2043694193
    386      2.3146          0.2033772900
    387      2.3206          0.2023836051
    388      2.3267          0.2013884600
    389      2.3327          0.2003919497
    390      2.3387          0.1993941679
    391      2.3447          0.1983952076
    392      2.3507          0.1973951609
    393      2.3567          0.1963941191
    394      2.3627          0.1953921725
    395      2.3687          0.1943894105
    396      2.3747          0.1933859218
    397      2.3808          0.1923817940
    398      2.3868          0.1913771140
    399      2.3928          0.1903719675
    400      2.3988          0.1893664396
    401      2.4048          0.1883606145
    402      2.4108          0.1873545752
    403      2.4168          0.1863484042
    404      2.4228          0.1853421828
    405      2.4289          0.1843359915
    406      2.4349          0.1833299100
    407      2.4409          0.1823240169
    408      2.4469          0.1813183900
    409      2.4529          0.1803131063
    410      2.4589          0.1793082416
    411      2.4649          0.1783038712
    412      2.4709          0.1773000691
    413      2.4770          0.1762969087
    414      2.4830          0.1752944623
    415      2.4890          0.1742928014
    416      2.4950          0.1732919966
    417      2.5010          0.1722921176
    418      2.5070          0.1712932331
    419      2.5130          0.1702954109
    420      2.5190          0.1692987182
    421      2.5251          0.1683032209
    422      2.5311          0.1673089842
    423      2.5371          0.1663160725
    424      2.5431          0.1653245492
    425      2.5491          0.1643344766
    426      2.5551          0.1633459166
    427      2.5611          0.1623589298
    428      2.5671          0.1613735761
    429      2.5731          0.1603899145
    430      2.5792          0.1594080030
    431      2.5852          0.1584278990
    432      2.5912          0.1574496587
    433      2.5972          0.1564733377
    434      2.6032          0.1554989906
    435      2.6092          0.1545266712
    436      2.6152          0.1535564323
    437      2.6212          0.1525883260
    438      2.6273          0.1516224036
    439      2.6333          0.1506587153
    440      2.6393          0.1496973106
    441      2.6453          0.1487382383
    442      2.6513          0.1477815462
    443      2.6573          0.1468272812
    444      2.6633          0.1458754895
    445      2.6693          0.1449262164
    446      2.6754          0.1439795066
    447      2.6814          0.1430354036
    448      2.6874          0.1420939503
    449      2.6934          0.1411551890
    450      2.6994          0.1402191608
    451      2.7054          0.1392859062
    452      2.7114          0.1383554649
    453      2.7174          0.1374278758
    454      2.7234          0.1365031771
    455      2.7295          0.1355814061
    456      2.7355          0.1346625994
    457      2.7415          0.1337467927
    458      2.7475          0.1328340212
    459      2.7535          0.1319243190
    460      2.7595          0.1310177198
    461      2.7655          0.1301142563
    462      2.7715          0.1292139605
    463      2.7776          0.1283168639
    464      2.7836          0.1274229968
    465      2.7896          0.1265323893
    466      2.7956          0.1256450705
    467      2.8016          0.1247610687
    468      2.8076          0.1238804118
    469      2.8136          0.1230031266
    470      2.8196          0.1221292396
    471      2.8257          0.1212587763
    472      2.8317          0.1203917618
    473      2.8377          0.1195282202
    474      2.8437          0.1186681753
    475      2.8497          0.1178116498
    476      2.8557          0.1169586662
    477      2.8617          0.1161092460
    478      2.8677          0.1152634102
    479      2.8737          0.1144211791
    480      2.8798          0.1135825725
    481      2.8858          0.1127476094
    482      2.8918          0.1119163082
    483      2.8978          0.1110886868
    484      2.9038          0.1102647624
    485      2.9098          0.1094445516
    486      2.9158          0.1086280704
    487      2.9218          0.1078153344
    488      2.9279          0.1070063582
    489      2.9339          0.1062011562
    490      2.9399          0.1053997421
    491      2.9459          0.1046021290
    492      2.9519          0.1038083294
    493      2.9579          0.1030183554
    494      2.9639          0.1022322185
    495      2.9699          0.1014499295
    496      2.9760          0.1006714989
    497      2.9820          0.0998969364
    498      2.9880          0.0991262516
    499      2.9940          0.0983594531
    500      3.0000          0.0975965493
